m_indexes = [1688, 1691, 3380, 3383, 156617, 156620, 158309, 158312]
X_ms = [(-44050594.158042744+25950935.84806906j), (-29333381.66144882-48923600.89717273j), (6618286.595610961+4975596.518362622j), (17812611.570288867-12123489.619566154j), (17812611.570288867+12123489.619566157j), (6618286.595610961-4975596.518362621j), (-29333381.661448825+48923600.89717273j), (-44050594.15804273-25950935.848069057j)]
X_ms_magn = [51126372.03114637 57043544.80957562  8279992.64342584 21546882.17607636, 21546882.17607636  8279992.64342584 57043544.80957562 51126372.03114635]
X_ms_phase = [ 2.6092141  -2.11090347  0.64464909 -0.59759551  0.59759551 -0.64464909,  2.11090347 -2.6092141 ]